order 0: [2 4 3 6 5 0 1 7]
delta 0: [-0.17677089  0.11932637  0.43032001  0.31253672 -0.23223263 -0.41758909
 -0.20568057  0.01363757]
order 1: [5 7 1 3 0 4 6 2]
delta 1: [ 0.13583808  0.34402941 -0.04241644  0.45093295 -0.21951424  0.11599832
  0.29814516  0.03102406]
order 2: [2 5 0 6 3 4 1 7]
delta 2: [-0.06902794 -0.05254425  0.17847904  0.07083751  0.11727299 -0.21576344
 -0.0427725   0.25871191]
order 3: [0 7 4 6 5 1 3 2]
delta 3: [ 0.44413889  0.25783276  0.08727036 -0.10359453  0.48114683  0.64688524
  0.59453951  0.43398424]
order 4: [5 6 4 1 3 0 7 2]
delta 4: [-0.42515928  0.13039028  0.14185502  0.2296941  -0.39075893 -0.21836185
 -0.14402363 -0.38603463]
order 5: [7 6 3 0 1 2 5 4]
delta 5: [-0.08532894  0.52254605  0.43571913  0.20900637 -0.72715826  0.01716956
  0.22561644  0.33130732]
order 6: [3 1 2 6 4 5 0 7]
delta 6: [-0.43574222 -0.21830425  0.3085665   0.01618802  0.66078955  0.06221133
 -0.20895405 -0.12459596]
order 7: [2 7 0 1 6 4 3 5]
delta 7: [ 0.42720441 -0.24901991  0.55740546 -0.09483794  0.51955473 -0.14281933
 -0.24270949  0.08242917]
order 8: [5 4 3 7 1 6 0 2]
delta 8: [-0.46250167  0.16588534  0.3266053  -0.05421722 -0.3545404   0.28810391
 -0.42253    -0.23531247]
order 9: [6 4 3 5 2 1 0 7]
delta 9: [-0.0249815   0.06669775  0.22907674 -0.25026202  0.46892407  0.23961095
  0.27843178  0.38440511]
order 10: [1 7 6 4 2 3 0 5]
delta 10: [-0.25393983 -0.46950478  0.08528942 -0.18762132 -0.33983546 -0.34419036
  0.08857764  0.11836174]
order 11: [4 3 2 7 5 1 6 0]
delta 11: [ 0.37955466 -0.78055029  0.40546563  0.1120746   0.13984455  0.12250505
  0.12630986  0.10540669]
order 12: [1 6 7 5 3 0 4 2]
delta 12: [-0.09529295  0.02754687 -0.28036997 -0.16850541 -0.00380591 -0.49017381
  0.09922609 -0.03500384]
order 13: [5 0 7 3 2 6 1 4]
delta 13: [-0.17490278 -0.07793103  0.59943706 -0.01643432  0.02858436 -0.49073405
  0.54362189  0.30277103]
order 14: [0 3 6 5 1 4 7 2]
delta 14: [ 0.12241246  0.2023524  -0.05022368 -0.48638302  0.33952193 -0.63853668
 -0.0791791  -0.06749242]
order 15: [5 4 6 7 3 0 2 1]
delta 15: [ 0.17154777 -0.15727108  0.45836339  0.11598018 -0.15652989 -0.64160744
 -0.43155855  0.35865416]
order 16: [4 2 7 5 1 3 0 6]
delta 16: [-0.15595393  0.1934913  -0.21896662 -0.20242789 -0.5296993   0.2406853
  0.26602599 -0.15720433]
order 17: [0 5 3 4 7 2 6 1]
delta 17: [ 0.45472381  0.04479114  0.76241995 -0.2597736   0.19149386 -0.06451692
  0.18671989 -0.00237975]
order 18: [2 3 1 4 7 5 0 6]
delta 18: [-0.66549803 -0.2140382   0.22375311 -0.16500278  0.44894725  0.33079143
 -0.05027175 -0.15583126]
order 19: [6 4 0 3 7 1 2 5]
delta 19: [ 0.52493126 -0.41452556 -0.38995538 -0.58360891 -0.3180719  -1.02509114
 -0.37695206  0.42798208]
order 20: [7 2 3 1 0 6 4 5]
delta 20: [ 0.58102021  0.06574193 -0.12606076  0.84229993 -0.10707571 -0.40300371
  0.0666303  -0.01281556]
order 21: [6 1 4 3 5 2 0 7]
delta 21: [-0.22033681  0.05387052 -0.27414815  0.77411666 -0.23236606 -0.14951457
 -0.35172655 -0.11422002]
order 22: [6 5 4 2 7 0 3 1]
delta 22: [-0.27304273  0.90941649  0.34361025 -0.25786993 -0.44134109 -0.32194233
 -0.00715798  0.01146017]
order 23: [5 2 7 4 0 1 6 3]
delta 23: [ 0.1490562  -0.12360745 -0.0728182  -0.17474505 -0.968895    0.0381684
 -0.35327966 -0.33088582]
order 24: [1 6 5 2 0 4 3 7]
delta 24: [ 0.24894174 -0.31644812  0.18559123 -0.0962387   0.09942642 -0.41611689
  0.27485517  0.39707545]
